{
	"patcher" : 	{
		"fileversion" : 1,
		"rect" : [ 25.0, 69.0, 640.0, 506.0 ],
		"bglocked" : 0,
		"defrect" : [ 25.0, 69.0, 640.0, 506.0 ],
		"openrect" : [ 0.0, 0.0, 0.0, 0.0 ],
		"openinpresentation" : 0,
		"default_fontsize" : 12.0,
		"default_fontface" : 0,
		"default_fontname" : "Arial",
		"gridonopen" : 0,
		"gridsize" : [ 15.0, 15.0 ],
		"gridsnaponopen" : 0,
		"toolbarvisible" : 1,
		"boxanimatetime" : 200,
		"imprint" : 0,
		"metadata" : [  ],
		"boxes" : [ 			{
				"box" : 				{
					"maxclass" : "tab",
					"fontsize" : 12.0,
					"htabcolor" : [ 0.32549, 0.34902, 0.258824, 0.501961 ],
					"numinlets" : 1,
					"id" : "obj-4",
					"valign" : 0,
					"patching_rect" : [ 15.0, 91.0, 304.0, 22.0 ],
					"border" : 1,
					"numoutlets" : 3,
					"bordercolor" : [ 0.32549, 0.34902, 0.258824, 1.0 ],
					"textcolor" : [ 0.584314, 0.584314, 0.584314, 1.0 ],
					"spacing_y" : 0.0,
					"clicktabcolor" : [ 0.223529, 0.223529, 0.223529, 1.0 ],
					"outlettype" : [ "int", "", "" ],
					"fontname" : "Trebuchet MS",
					"tabs" : [ "Authors", "References", "Sponsors", "Copyright" ],
					"hovertextcolor" : [ 0.584314, 0.584314, 0.584314, 1.0 ],
					"borderoncolor" : [ 0.32549, 0.34902, 0.258824, 1.0 ],
					"tabcolor" : [ 1.0, 1.0, 1.0, 0.0 ],
					"hovertabcolor" : [ 0.470588, 0.54902, 0.239216, 0.25098 ],
					"htextcolor" : [ 0.584314, 0.584314, 0.584314, 1.0 ],
					"multiline" : 0
				}

			}
, 			{
				"box" : 				{
					"maxclass" : "panel",
					"numinlets" : 1,
					"id" : "obj-57",
					"bgcolor" : [ 0.14902, 0.14902, 0.129412, 1.0 ],
					"patching_rect" : [ 16.0, 15.0, 302.0, 75.0 ],
					"border" : 1,
					"numoutlets" : 0,
					"rounded" : 0,
					"bordercolor" : [ 0.32549, 0.34902, 0.258824, 1.0 ]
				}

			}
 ],
		"lines" : [  ]
	}

}
